2896 2349
2441 2014
2086 1636
2441 163
2426 3885
1323 1652
3409 549
794 2234
3793 2666
205 1510
3470 2603
1502 1331
2447 716
2529 1471
2850 2281
186 1143
992 1080
2218 2195
1582 226
3170 771
1683 350
3165 2074
3890 1091
1197 1815
108 3360
302 1854
3225 3384
1474 2642
2830 2132
1406 1879
95 3897
32 1130
1546 245
3827 2082
2202 3118
2324 2264
1057 2176
2840 36
1631 1066
2990 743
724 3475
2669 1949
3334 3211
2488 1515
1556 2490
2884 2800
965 3352
2637 2868
588 3644
2863 863
3155 3861
2506 1077
3525 3842
1940 236
187 3346
3162 370
3141 661
2485 373
1155 167
1885 3799
57 2864
1685 2394
2845 682
1392 3526
1165 3192
3164 3414
3900 1947
846 2645
127 2384
3311 3722
60 3368
2123 2231
1714 3083
3713 1417
585 3225
216 738
280 22
709 343
3651 1857
1916 2917
2932 1752
2197 1072
2532 3477
2671 1002
1794 1243
2714 3424
11 3503
46 2704
2224 2921
821 111
3651 432
2685 2481
1202 1438
1557 781
3558 1263
1924 644
726 629
367 1311
3850 1244
1036 291
1224 236
64 2419
1259 1498
132 3202
904 266
533 3778
3572 2688
784 1756
3316 704
1243 1642
1126 3639
2310 1093
1054 2676
3429 527
2162 749
1683 960
236 117
2325 184
2816 22
1849 2032
1820 2354
3592 3536
3239 2313
2786 102
46 2818
2257 2356
1976 2499
1182 1547
2316 2488
1930 2271
297 2734
2043 1584
1967 3847
2954 1428
1021 1402
680 2988
2706 2766
1563 2807
1840 2752
2617 1322
497 2754
2688 1037
3897 510
709 3385
2638 2906
3764 3678
821 2824
1580 3472
3544 3203
2367 2296
670 755
3386 2565
3511 317
1932 2497
1327 3047
3034 1669
3525 3425
2517 971
496 1057
3580 1413
1969 66
1946 799
3406 1116
697 1088
3475 3527
672 1814
3439 1078
288 777
2358 3552
2284 2141
1422 3403
736 684
722 2639
1003 234
3681 2910
3439 2064
2918 2597
2059 1982
3054 3850
508 165
1237 3701
3813 2181
110 1936
3714 3142
134 1047
897 1260
2733 2350
3516 328
3434 495
3591 585
792 1158
2352 2913
3368 2163
649 2327
3037 1375
2776 1029
2193 1204
3033 2217
1694 3264
1257 2217
428 3587
2195 1570
1917 1093
337 3536
385 3765
397 1587
2011 2279
1603 325
699 2834
2832 2837
2356 560
2676 2333
1800 3343
113 2650
1781 491
1311 1220
2466 918
2771 2961
1657 3594
2357 3550
1403 2905
2691 160
3605 2653
796 2553
860 669
489 3288
3770 1089
3134 2295
2977 78
2102 2897
2457 2396
1666 2928
3742 3290
2243 3856
3728 2101
3746 1408
3594 450
3489 480
2697 1894
1896 1323
2695 2493
1067 3300
1222 625
714 2168
3576 3760
3030 75
1805 2922
1284 1940
993 91
2518 2671
2369 2916
3699 1469
69 2143
1851 2537
208 2457
1843 2059
3088 3205
1508 3638
3019 392
2641 724
1499 2330
163 2663
305 2541
3061 2609
2665 3467
1581 2755
2260 2038
117 1334
2337 689
2085 3001
3773 3101
2364 2022
710 747
3137 3054
1637 3357
337 632
3855 2163
3666 1865
3302 2987
2197 909
3332 3416
1179 3353
1154 2347
1165 1855
805 3069
1157 2694
1630 3260
154 3452
2741 2728
3255 2207
207 936
3491 2468
1778 3320
3319 689
389 2132
1508 890
2647 173
1539 1144
2160 3138
21 2613
2576 229
12 1698
462 2818
3638 735
2450 2882
2172 2523
2112 1625
1940 1547
2980 1629
362 199
2135 156
2547 1489
3284 990
839 1655
428 3147
1870 246
734 2514
1977 1173
73 3351
2630 1142
2515 3164
1512 1901
260 2442
3648 3004
2677 2512
222 1798
1361 2705
1281 1149
1840 341
725 32
2435 2044
1353 2902
1922 1785
3588 1423
2413 2479
719 1733
2999 2564
1377 154
1362 556
1269 1663
3454 1257
297 550
810 2097
2340 1336
3203 63
1092 1775
1160 1151
1990 1629
1176 2704
2646 2330
2971 646
3801 3773
72 2154
1734 275
2468 827
1020 3195
1750 526
1975 1779
1400 695
3829 190
904 2578
63 64
2381 1430
1915 3291
346 2185
3293 1216
3299 610
3017 2712
3286 2949
2440 2080
3196 2900
1063 1359
137 3586
3390 2173
20 1437
1020 2961
3101 1809
1708 2809
3626 2175
164 1005
2456 2508
747 1020
1097 2490
3526 606
719 3688
1279 919
1152 273
1857 606
1024 1181
3121 421
266 1726
1974 479
3810 1151
1479 2060
1893 1188
1658 3308
3089 3018
91 3305
1614 1674
1215 3458
171 2433
3686 1629
2111 1554
1345 2214
1478 350
3069 537
107 3451
547 2361
3588 2203
2127 3390
1653 2026
2013 981
3733 3514
2783 2642
3291 29
3387 1228
1219 567
3510 85
384 3836
1272 2586
437 2462
1880 1500
1381 1925
2564 2419
3065 2079
1266 913
1390 1962
1672 1234
3149 12
610 1372
3821 742
510 3666
3600 2059
306 2420
508 1228
3151 673
1136 264
1633 3225
1735 679
1744 2932
2030 1011
2865 1782
155 3230
1023 2881
863 3490
1212 2178
1917 341
42 3563
2054 3029
44 2774
2307 3283
3355 1422
195 2401
1429 689
2312 1803
0 1410
45 1585
2207 1599
2446 1514
2808 3410
351 2685
2979 2498
2014 3760
3131 767
825 2346
2560 488
1550 1043
2106 3105
319 2682
2386 3883
1955 1913
2125 1717
1576 3895
646 1692
1691 2370
3478 1782
726 1055
2175 2092
2846 3563
2728 1305
82 1460
179 127
2638 2953
790 2970
2461 746
42 2104
2925 3838
2003 557
1670 2584
3335 3225
744 3100
1221 733
199 260
278 3467
1258 1623
2963 3287
2988 106
151 2369
1548 2610
1507 2973
1052 2629
436 2653
3189 2022
748 677
1120 2848
1038 651
796 1303
3851 1015
480 776
1437 2090
2127 3797
1405 2261
3370 1750
3099 1779
3787 352
3277 1645
3438 3814
641 1667
1165 1127
3835 2265
1680 3338
1812 343
3147 484
275 2500
3008 1683
2582 1271
1689 3516
2354 3257
1544 1381
2253 3578
3770 572
2440 2305
1196 69
3373 3153
1983 289
923 3262
1797 1113
2431 112
3109 1658
1028 1710
1842 1548
1757 1879
3662 2665
3152 950
3326 2995
1414 2562
114 2876
2358 1595
99 819
1409 2463
2615 1816
1992 2665
3337 1339
532 1103
2145 3124
2062 3581
2718 1424
352 476
563 3750
3869 492
3264 2029
155 1112
2378 1719
2944 2074
3718 3208
1044 3735
816 478
646 1488
3144 119
473 78
1723 744
1734 2999
3450 2529
3674 1049
2629 1801
2785 1617
504 2568
561 2442
579 1127
1148 3341
2288 3681
3647 3622
2436 3307
2524 1398
499 2242
2551 821
887 3536
2172 3431
3632 2096
2724 594
423 1402
2795 855
1701 3758
1448 3211
2002 1566
2958 1340
3385 507
1849 3177
3841 1254
2279 2759
1507 518
574 2030
208 2596
1063 3868
3280 3419
553 1001
1350 3119
670 2688
3074 2752
619 2571
3256 451
166 1076
1937 1129
330 936
2831 1317
3738 9
1794 2038
1355 2544
2156 3315
3254 941
826 776
2756 2387
350 3752
892 3789
869 3423
3654 783
846 384
3345 3500
755 495
2926 151
985 1684
1307 3770
2111 3111
209 3230
82 1422
2962 514
2865 2125
838 1790
3829 2502
1955 2254
2922 1993
2051 1036
360 3129
10 1209
2165 3697
98 944
2987 236
805 165
3124 118
2719 2714
832 1449
1238 979
1064 3722
1907 324
294 545
1936 2273
1929 1746
3622 764
1669 873
888 3840
442 940
3097 1859
1966 3452
3879 709
833 1688
1875 450
2869 3193
2157 2166
1885 1979
1483 1280
460 129
3541 1519
3378 2187
3619 1128
146 3814
154 1388
3440 1343
1952 2488
3601 980
2296 793
1500 1044
1638 1641
3575 3478
391 3671
505 1343
3112 2319
3852 2928
222 532
3593 304
3511 3468
2699 3584
838 1854
3349 1439
682 1936
2431 1090
3784 54
2416 2358
1838 474
165 3418
1267 3691
2725 2739
2677 491
1394 1167
1411 3135
1384 2206
695 818
1030 2745
1923 2720
3122 271
3785 2184
1757 3525
3751 2397
2510 790
3746 1232
1125 2721
2694 872
1803 3554
1312 1381
2817 3370
1494 2838
31 3823
127 2916
3289 3515
3719 2166
1939 3022
2962 404
2476 3136
2848 2930
844 3063
3601 937
532 1286
995 643
3501 3235
3415 784
1547 2629
572 3164
3626 1124
1248 2936
3604 805
118 3576
1721 585
623 2431
2551 1195
1081 1144
1887 3833
837 1177
682 1827
2020 3832
1089 3772
299 1202
3570 2720
479 1224
721 3232
2895 2162
1235 3375
1738 1928
1097 3088
1745 2155
1591 2838
2450 3125
3378 2516
927 582
3399 2869
3594 411
2469 3456
1883 2447
3899 913
2340 3045
1997 2001
893 3279
1866 305
1193 2764
511 961
3212 553
1764 399
3645 2751
1658 43
1539 1258
526 2068
2032 1294
1655 1185
3639 3430
893 3803
334 1347
2527 2789
420 96
1949 1957
2916 3804
1696 1129
1533 2253
2786 2915
2273 3502
882 742
1130 941
2597 1973
3704 2228
1826 2895
3661 1447
3014 2100
543 1681
913 2995
3770 3287
2417 3260
707 1591
28 741
1831 789
1439 2056
2283 1598
3465 602
2592 418
2900 590
1203 2686
2056 2824
860 2182
3748 3376
979 3653
