251 983
487 611
1053 438
870 938
1061 727
991 12
616 448
125 1093
742 270
966 514
149 481
17 1055
741 936
289 764
1098 1020
255 903
881 46
405 684
492 776
890 597
945 760
150 25
514 922
436 670
839 667
262 321
885 676
1049 314
665 420
892 65
32 518
907 1102
538 953
221 249
5 796
675 305
626 1111
791 422
359 560
928 857
104 583
228 56
698 907
957 664
411 691
1007 526
896 8
1050 87
1049 877
222 7
34 457
153 960
1018 1002
340 882
60 719
20 375
799 561
758 485
52 902
737 767
312 193
174 805
761 1094
1056 414
44 89
191 839
874 1017
406 1066
1033 831
676 521
1003 310
792 361
706 1104
849 450
205 694
1074 989
348 310
336 629
953 412
1097 776
212 277
724 133
426 213
418 904
782 361
148 801
669 425
611 448
1037 695
779 300
167 1075
415 715
346 943
461 277
371 319
1112 462
323 984
309 257
429 980
764 1024
455 204
853 499
812 776
582 754
671 327
835 875
187 909
492 378
221 83
323 241
867 53
239 1095
1052 724
603 561
1103 404
199 202
405 890
1106 99
608 962
776 649
334 458
333 22
261 382
327 188
635 61
586 1023
194 881
652 624
1033 353
1033 958
796 467
331 39
1035 938
476 626
785 1009
932 452
103 724
266 355
626 211
920 1039
964 810
762 774
1025 197
817 354
1013 968
163 888
686 753
215 635
366 338
126 862
692 342
